20200120024951 2 6 100 2047 2 E5945320A18AA7DCB66DE82722ABFCF5B641D036393E6E1A40ED06B0EC69D882E039CA67D8987C02CAA485453ED3A882BE25847FDACDC874446C88208EFAB7B19B8EDF650AD31CEC576A4F0425A75E9CCCFD12D3FE3F3CF120FDB32A2085380655ED356128C3976603EE8A718C7FC65F04B010332CFB857B16AE19F153C7F12FDD93D96A76D55C97CE88D563193CBA24481C8EA9EF562EDB5ED2059B83D72231A60ABE0ABE29BE797A94A15FA912863E8E0C7EB08AABCB5C373ACC01CAE981376EC54AFE1699FA6AF34940FEEAAF62AEA4096B9E44B604C5BE5B83B268BDCD4CFC4DB5545B904E2C215F66FBD633565ACE0D903266D1BFD40276C680640471E3
20200120024954 2 6 100 2047 2 E5945320A18AA7DCB66DE82722ABFCF5B641D036393E6E1A40ED06B0EC69D882E039CA67D8987C02CAA485453ED3A882BE25847FDACDC874446C88208EFAB7B19B8EDF650AD31CEC576A4F0425A75E9CCCFD12D3FE3F3CF120FDB32A2085380655ED356128C3976603EE8A718C7FC65F04B010332CFB857B16AE19F153C7F12FDD93D96A76D55C97CE88D563193CBA24481C8EA9EF562EDB5ED2059B83D72231A60ABE0ABE29BE797A94A15FA912863E8E0C7EB08AABCB5C373ACC01CAE981376EC54AFE1699FA6AF34940FEEAAF62AEA4096B9E44B604C5BE5B83B268BDCD4CFC4DB5545B904E2C215F66FBD633565ACE0D903266D1BFD40276C680641E8AB3
20200120025005 2 6 100 2047 5 E5945320A18AA7DCB66DE82722ABFCF5B641D036393E6E1A40ED06B0EC69D882E039CA67D8987C02CAA485453ED3A882BE25847FDACDC874446C88208EFAB7B19B8EDF650AD31CEC576A4F0425A75E9CCCFD12D3FE3F3CF120FDB32A2085380655ED356128C3976603EE8A718C7FC65F04B010332CFB857B16AE19F153C7F12FDD93D96A76D55C97CE88D563193CBA24481C8EA9EF562EDB5ED2059B83D72231A60ABE0ABE29BE797A94A15FA912863E8E0C7EB08AABCB5C373ACC01CAE981376EC54AFE1699FA6AF34940FEEAAF62AEA4096B9E44B604C5BE5B83B268BDCD4CFC4DB5545B904E2C215F66FBD633565ACE0D903266D1BFD40276C680649501A7
20200120025007 2 6 100 2047 2 E5945320A18AA7DCB66DE82722ABFCF5B641D036393E6E1A40ED06B0EC69D882E039CA67D8987C02CAA485453ED3A882BE25847FDACDC874446C88208EFAB7B19B8EDF650AD31CEC576A4F0425A75E9CCCFD12D3FE3F3CF120FDB32A2085380655ED356128C3976603EE8A718C7FC65F04B010332CFB857B16AE19F153C7F12FDD93D96A76D55C97CE88D563193CBA24481C8EA9EF562EDB5ED2059B83D72231A60ABE0ABE29BE797A94A15FA912863E8E0C7EB08AABCB5C373ACC01CAE981376EC54AFE1699FA6AF34940FEEAAF62AEA4096B9E44B604C5BE5B83B268BDCD4CFC4DB5545B904E2C215F66FBD633565ACE0D903266D1BFD40276C680649A9943
20200120025012 2 6 100 2047 2 E5945320A18AA7DCB66DE82722ABFCF5B641D036393E6E1A40ED06B0EC69D882E039CA67D8987C02CAA485453ED3A882BE25847FDACDC874446C88208EFAB7B19B8EDF650AD31CEC576A4F0425A75E9CCCFD12D3FE3F3CF120FDB32A2085380655ED356128C3976603EE8A718C7FC65F04B010332CFB857B16AE19F153C7F12FDD93D96A76D55C97CE88D563193CBA24481C8EA9EF562EDB5ED2059B83D72231A60ABE0ABE29BE797A94A15FA912863E8E0C7EB08AABCB5C373ACC01CAE981376EC54AFE1699FA6AF34940FEEAAF62AEA4096B9E44B604C5BE5B83B268BDCD4CFC4DB5545B904E2C215F66FBD633565ACE0D903266D1BFD40276C68064E1105B
20200120025015 2 6 100 2047 2 E5945320A18AA7DCB66DE82722ABFCF5B641D036393E6E1A40ED06B0EC69D882E039CA67D8987C02CAA485453ED3A882BE25847FDACDC874446C88208EFAB7B19B8EDF650AD31CEC576A4F0425A75E9CCCFD12D3FE3F3CF120FDB32A2085380655ED356128C3976603EE8A718C7FC65F04B010332CFB857B16AE19F153C7F12FDD93D96A76D55C97CE88D563193CBA24481C8EA9EF562EDB5ED2059B83D72231A60ABE0ABE29BE797A94A15FA912863E8E0C7EB08AABCB5C373ACC01CAE981376EC54AFE1699FA6AF34940FEEAAF62AEA4096B9E44B604C5BE5B83B268BDCD4CFC4DB5545B904E2C215F66FBD633565ACE0D903266D1BFD40276C68064F03F3B
20200120025017 2 6 100 2047 2 E5945320A18AA7DCB66DE82722ABFCF5B641D036393E6E1A40ED06B0EC69D882E039CA67D8987C02CAA485453ED3A882BE25847FDACDC874446C88208EFAB7B19B8EDF650AD31CEC576A4F0425A75E9CCCFD12D3FE3F3CF120FDB32A2085380655ED356128C3976603EE8A718C7FC65F04B010332CFB857B16AE19F153C7F12FDD93D96A76D55C97CE88D563193CBA24481C8EA9EF562EDB5ED2059B83D72231A60ABE0ABE29BE797A94A15FA912863E8E0C7EB08AABCB5C373ACC01CAE981376EC54AFE1699FA6AF34940FEEAAF62AEA4096B9E44B604C5BE5B83B268BDCD4CFC4DB5545B904E2C215F66FBD633565ACE0D903266D1BFD40276C68064F2DE03
20200120025018 2 6 100 2047 2 E5945320A18AA7DCB66DE82722ABFCF5B641D036393E6E1A40ED06B0EC69D882E039CA67D8987C02CAA485453ED3A882BE25847FDACDC874446C88208EFAB7B19B8EDF650AD31CEC576A4F0425A75E9CCCFD12D3FE3F3CF120FDB32A2085380655ED356128C3976603EE8A718C7FC65F04B010332CFB857B16AE19F153C7F12FDD93D96A76D55C97CE88D563193CBA24481C8EA9EF562EDB5ED2059B83D72231A60ABE0ABE29BE797A94A15FA912863E8E0C7EB08AABCB5C373ACC01CAE981376EC54AFE1699FA6AF34940FEEAAF62AEA4096B9E44B604C5BE5B83B268BDCD4CFC4DB5545B904E2C215F66FBD633565ACE0D903266D1BFD40276C68064F7293B
20200120025021 2 6 100 2047 2 E5945320A18AA7DCB66DE82722ABFCF5B641D036393E6E1A40ED06B0EC69D882E039CA67D8987C02CAA485453ED3A882BE25847FDACDC874446C88208EFAB7B19B8EDF650AD31CEC576A4F0425A75E9CCCFD12D3FE3F3CF120FDB32A2085380655ED356128C3976603EE8A718C7FC65F04B010332CFB857B16AE19F153C7F12FDD93D96A76D55C97CE88D563193CBA24481C8EA9EF562EDB5ED2059B83D72231A60ABE0ABE29BE797A94A15FA912863E8E0C7EB08AABCB5C373ACC01CAE981376EC54AFE1699FA6AF34940FEEAAF62AEA4096B9E44B604C5BE5B83B268BDCD4CFC4DB5545B904E2C215F66FBD633565ACE0D903266D1BFD40276C6806512DB73
20200120025030 2 6 100 2047 5 E5945320A18AA7DCB66DE82722ABFCF5B641D036393E6E1A40ED06B0EC69D882E039CA67D8987C02CAA485453ED3A882BE25847FDACDC874446C88208EFAB7B19B8EDF650AD31CEC576A4F0425A75E9CCCFD12D3FE3F3CF120FDB32A2085380655ED356128C3976603EE8A718C7FC65F04B010332CFB857B16AE19F153C7F12FDD93D96A76D55C97CE88D563193CBA24481C8EA9EF562EDB5ED2059B83D72231A60ABE0ABE29BE797A94A15FA912863E8E0C7EB08AABCB5C373ACC01CAE981376EC54AFE1699FA6AF34940FEEAAF62AEA4096B9E44B604C5BE5B83B268BDCD4CFC4DB5545B904E2C215F66FBD633565ACE0D903266D1BFD40276C680656D9837
20200120025039 2 6 100 2047 5 E5945320A18AA7DCB66DE82722ABFCF5B641D036393E6E1A40ED06B0EC69D882E039CA67D8987C02CAA485453ED3A882BE25847FDACDC874446C88208EFAB7B19B8EDF650AD31CEC576A4F0425A75E9CCCFD12D3FE3F3CF120FDB32A2085380655ED356128C3976603EE8A718C7FC65F04B010332CFB857B16AE19F153C7F12FDD93D96A76D55C97CE88D563193CBA24481C8EA9EF562EDB5ED2059B83D72231A60ABE0ABE29BE797A94A15FA912863E8E0C7EB08AABCB5C373ACC01CAE981376EC54AFE1699FA6AF34940FEEAAF62AEA4096B9E44B604C5BE5B83B268BDCD4CFC4DB5545B904E2C215F66FBD633565ACE0D903266D1BFD40276C68065C16CE7
20200120025049 2 6 100 2047 5 E5945320A18AA7DCB66DE82722ABFCF5B641D036393E6E1A40ED06B0EC69D882E039CA67D8987C02CAA485453ED3A882BE25847FDACDC874446C88208EFAB7B19B8EDF650AD31CEC576A4F0425A75E9CCCFD12D3FE3F3CF120FDB32A2085380655ED356128C3976603EE8A718C7FC65F04B010332CFB857B16AE19F153C7F12FDD93D96A76D55C97CE88D563193CBA24481C8EA9EF562EDB5ED2059B83D72231A60ABE0ABE29BE797A94A15FA912863E8E0C7EB08AABCB5C373ACC01CAE981376EC54AFE1699FA6AF34940FEEAAF62AEA4096B9E44B604C5BE5B83B268BDCD4CFC4DB5545B904E2C215F66FBD633565ACE0D903266D1BFD40276C6806627228F
20200120025051 2 6 100 2047 5 E5945320A18AA7DCB66DE82722ABFCF5B641D036393E6E1A40ED06B0EC69D882E039CA67D8987C02CAA485453ED3A882BE25847FDACDC874446C88208EFAB7B19B8EDF650AD31CEC576A4F0425A75E9CCCFD12D3FE3F3CF120FDB32A2085380655ED356128C3976603EE8A718C7FC65F04B010332CFB857B16AE19F153C7F12FDD93D96A76D55C97CE88D563193CBA24481C8EA9EF562EDB5ED2059B83D72231A60ABE0ABE29BE797A94A15FA912863E8E0C7EB08AABCB5C373ACC01CAE981376EC54AFE1699FA6AF34940FEEAAF62AEA4096B9E44B604C5BE5B83B268BDCD4CFC4DB5545B904E2C215F66FBD633565ACE0D903266D1BFD40276C680662CF61F
20200120025054 2 6 100 2047 2 E5945320A18AA7DCB66DE82722ABFCF5B641D036393E6E1A40ED06B0EC69D882E039CA67D8987C02CAA485453ED3A882BE25847FDACDC874446C88208EFAB7B19B8EDF650AD31CEC576A4F0425A75E9CCCFD12D3FE3F3CF120FDB32A2085380655ED356128C3976603EE8A718C7FC65F04B010332CFB857B16AE19F153C7F12FDD93D96A76D55C97CE88D563193CBA24481C8EA9EF562EDB5ED2059B83D72231A60ABE0ABE29BE797A94A15FA912863E8E0C7EB08AABCB5C373ACC01CAE981376EC54AFE1699FA6AF34940FEEAAF62AEA4096B9E44B604C5BE5B83B268BDCD4CFC4DB5545B904E2C215F66FBD633565ACE0D903266D1BFD40276C68066460BC3
20200120025058 2 6 100 2047 2 E5945320A18AA7DCB66DE82722ABFCF5B641D036393E6E1A40ED06B0EC69D882E039CA67D8987C02CAA485453ED3A882BE25847FDACDC874446C88208EFAB7B19B8EDF650AD31CEC576A4F0425A75E9CCCFD12D3FE3F3CF120FDB32A2085380655ED356128C3976603EE8A718C7FC65F04B010332CFB857B16AE19F153C7F12FDD93D96A76D55C97CE88D563193CBA24481C8EA9EF562EDB5ED2059B83D72231A60ABE0ABE29BE797A94A15FA912863E8E0C7EB08AABCB5C373ACC01CAE981376EC54AFE1699FA6AF34940FEEAAF62AEA4096B9E44B604C5BE5B83B268BDCD4CFC4DB5545B904E2C215F66FBD633565ACE0D903266D1BFD40276C68066643833
20200120025100 2 6 100 2047 5 E5945320A18AA7DCB66DE82722ABFCF5B641D036393E6E1A40ED06B0EC69D882E039CA67D8987C02CAA485453ED3A882BE25847FDACDC874446C88208EFAB7B19B8EDF650AD31CEC576A4F0425A75E9CCCFD12D3FE3F3CF120FDB32A2085380655ED356128C3976603EE8A718C7FC65F04B010332CFB857B16AE19F153C7F12FDD93D96A76D55C97CE88D563193CBA24481C8EA9EF562EDB5ED2059B83D72231A60ABE0ABE29BE797A94A15FA912863E8E0C7EB08AABCB5C373ACC01CAE981376EC54AFE1699FA6AF34940FEEAAF62AEA4096B9E44B604C5BE5B83B268BDCD4CFC4DB5545B904E2C215F66FBD633565ACE0D903266D1BFD40276C680667188E7
20200120025102 2 6 100 2047 2 E5945320A18AA7DCB66DE82722ABFCF5B641D036393E6E1A40ED06B0EC69D882E039CA67D8987C02CAA485453ED3A882BE25847FDACDC874446C88208EFAB7B19B8EDF650AD31CEC576A4F0425A75E9CCCFD12D3FE3F3CF120FDB32A2085380655ED356128C3976603EE8A718C7FC65F04B010332CFB857B16AE19F153C7F12FDD93D96A76D55C97CE88D563193CBA24481C8EA9EF562EDB5ED2059B83D72231A60ABE0ABE29BE797A94A15FA912863E8E0C7EB08AABCB5C373ACC01CAE981376EC54AFE1699FA6AF34940FEEAAF62AEA4096B9E44B604C5BE5B83B268BDCD4CFC4DB5545B904E2C215F66FBD633565ACE0D903266D1BFD40276C6806681DA13
20200120025110 2 6 100 2047 2 E5945320A18AA7DCB66DE82722ABFCF5B641D036393E6E1A40ED06B0EC69D882E039CA67D8987C02CAA485453ED3A882BE25847FDACDC874446C88208EFAB7B19B8EDF650AD31CEC576A4F0425A75E9CCCFD12D3FE3F3CF120FDB32A2085380655ED356128C3976603EE8A718C7FC65F04B010332CFB857B16AE19F153C7F12FDD93D96A76D55C97CE88D563193CBA24481C8EA9EF562EDB5ED2059B83D72231A60ABE0ABE29BE797A94A15FA912863E8E0C7EB08AABCB5C373ACC01CAE981376EC54AFE1699FA6AF34940FEEAAF62AEA4096B9E44B604C5BE5B83B268BDCD4CFC4DB5545B904E2C215F66FBD633565ACE0D903266D1BFD40276C68066E98BF3
20200120025112 2 6 100 2047 2 E5945320A18AA7DCB66DE82722ABFCF5B641D036393E6E1A40ED06B0EC69D882E039CA67D8987C02CAA485453ED3A882BE25847FDACDC874446C88208EFAB7B19B8EDF650AD31CEC576A4F0425A75E9CCCFD12D3FE3F3CF120FDB32A2085380655ED356128C3976603EE8A718C7FC65F04B010332CFB857B16AE19F153C7F12FDD93D96A76D55C97CE88D563193CBA24481C8EA9EF562EDB5ED2059B83D72231A60ABE0ABE29BE797A94A15FA912863E8E0C7EB08AABCB5C373ACC01CAE981376EC54AFE1699FA6AF34940FEEAAF62AEA4096B9E44B604C5BE5B83B268BDCD4CFC4DB5545B904E2C215F66FBD633565ACE0D903266D1BFD40276C680670B0B43
20200120025114 2 6 100 2047 2 E5945320A18AA7DCB66DE82722ABFCF5B641D036393E6E1A40ED06B0EC69D882E039CA67D8987C02CAA485453ED3A882BE25847FDACDC874446C88208EFAB7B19B8EDF650AD31CEC576A4F0425A75E9CCCFD12D3FE3F3CF120FDB32A2085380655ED356128C3976603EE8A718C7FC65F04B010332CFB857B16AE19F153C7F12FDD93D96A76D55C97CE88D563193CBA24481C8EA9EF562EDB5ED2059B83D72231A60ABE0ABE29BE797A94A15FA912863E8E0C7EB08AABCB5C373ACC01CAE981376EC54AFE1699FA6AF34940FEEAAF62AEA4096B9E44B604C5BE5B83B268BDCD4CFC4DB5545B904E2C215F66FBD633565ACE0D903266D1BFD40276C68067182153
20200120025132 2 6 100 2047 2 E5945320A18AA7DCB66DE82722ABFCF5B641D036393E6E1A40ED06B0EC69D882E039CA67D8987C02CAA485453ED3A882BE25847FDACDC874446C88208EFAB7B19B8EDF650AD31CEC576A4F0425A75E9CCCFD12D3FE3F3CF120FDB32A2085380655ED356128C3976603EE8A718C7FC65F04B010332CFB857B16AE19F153C7F12FDD93D96A76D55C97CE88D563193CBA24481C8EA9EF562EDB5ED2059B83D72231A60ABE0ABE29BE797A94A15FA912863E8E0C7EB08AABCB5C373ACC01CAE981376EC54AFE1699FA6AF34940FEEAAF62AEA4096B9E44B604C5BE5B83B268BDCD4CFC4DB5545B904E2C215F66FBD633565ACE0D903266D1BFD40276C6806822F73B
20200120025138 2 6 100 2047 5 E5945320A18AA7DCB66DE82722ABFCF5B641D036393E6E1A40ED06B0EC69D882E039CA67D8987C02CAA485453ED3A882BE25847FDACDC874446C88208EFAB7B19B8EDF650AD31CEC576A4F0425A75E9CCCFD12D3FE3F3CF120FDB32A2085380655ED356128C3976603EE8A718C7FC65F04B010332CFB857B16AE19F153C7F12FDD93D96A76D55C97CE88D563193CBA24481C8EA9EF562EDB5ED2059B83D72231A60ABE0ABE29BE797A94A15FA912863E8E0C7EB08AABCB5C373ACC01CAE981376EC54AFE1699FA6AF34940FEEAAF62AEA4096B9E44B604C5BE5B83B268BDCD4CFC4DB5545B904E2C215F66FBD633565ACE0D903266D1BFD40276C68068761A37
20200120025141 2 6 100 2047 2 E5945320A18AA7DCB66DE82722ABFCF5B641D036393E6E1A40ED06B0EC69D882E039CA67D8987C02CAA485453ED3A882BE25847FDACDC874446C88208EFAB7B19B8EDF650AD31CEC576A4F0425A75E9CCCFD12D3FE3F3CF120FDB32A2085380655ED356128C3976603EE8A718C7FC65F04B010332CFB857B16AE19F153C7F12FDD93D96A76D55C97CE88D563193CBA24481C8EA9EF562EDB5ED2059B83D72231A60ABE0ABE29BE797A94A15FA912863E8E0C7EB08AABCB5C373ACC01CAE981376EC54AFE1699FA6AF34940FEEAAF62AEA4096B9E44B604C5BE5B83B268BDCD4CFC4DB5545B904E2C215F66FBD633565ACE0D903266D1BFD40276C6806893E503
20200120025143 2 6 100 2047 2 E5945320A18AA7DCB66DE82722ABFCF5B641D036393E6E1A40ED06B0EC69D882E039CA67D8987C02CAA485453ED3A882BE25847FDACDC874446C88208EFAB7B19B8EDF650AD31CEC576A4F0425A75E9CCCFD12D3FE3F3CF120FDB32A2085380655ED356128C3976603EE8A718C7FC65F04B010332CFB857B16AE19F153C7F12FDD93D96A76D55C97CE88D563193CBA24481C8EA9EF562EDB5ED2059B83D72231A60ABE0ABE29BE797A94A15FA912863E8E0C7EB08AABCB5C373ACC01CAE981376EC54AFE1699FA6AF34940FEEAAF62AEA4096B9E44B604C5BE5B83B268BDCD4CFC4DB5545B904E2C215F66FBD633565ACE0D903266D1BFD40276C68068AF895B
20200120025145 2 6 100 2047 2 E5945320A18AA7DCB66DE82722ABFCF5B641D036393E6E1A40ED06B0EC69D882E039CA67D8987C02CAA485453ED3A882BE25847FDACDC874446C88208EFAB7B19B8EDF650AD31CEC576A4F0425A75E9CCCFD12D3FE3F3CF120FDB32A2085380655ED356128C3976603EE8A718C7FC65F04B010332CFB857B16AE19F153C7F12FDD93D96A76D55C97CE88D563193CBA24481C8EA9EF562EDB5ED2059B83D72231A60ABE0ABE29BE797A94A15FA912863E8E0C7EB08AABCB5C373ACC01CAE981376EC54AFE1699FA6AF34940FEEAAF62AEA4096B9E44B604C5BE5B83B268BDCD4CFC4DB5545B904E2C215F66FBD633565ACE0D903266D1BFD40276C68068BE4713
20200120025148 2 6 100 2047 5 E5945320A18AA7DCB66DE82722ABFCF5B641D036393E6E1A40ED06B0EC69D882E039CA67D8987C02CAA485453ED3A882BE25847FDACDC874446C88208EFAB7B19B8EDF650AD31CEC576A4F0425A75E9CCCFD12D3FE3F3CF120FDB32A2085380655ED356128C3976603EE8A718C7FC65F04B010332CFB857B16AE19F153C7F12FDD93D96A76D55C97CE88D563193CBA24481C8EA9EF562EDB5ED2059B83D72231A60ABE0ABE29BE797A94A15FA912863E8E0C7EB08AABCB5C373ACC01CAE981376EC54AFE1699FA6AF34940FEEAAF62AEA4096B9E44B604C5BE5B83B268BDCD4CFC4DB5545B904E2C215F66FBD633565ACE0D903266D1BFD40276C68068EEBD57
20200120025152 2 6 100 2047 5 E5945320A18AA7DCB66DE82722ABFCF5B641D036393E6E1A40ED06B0EC69D882E039CA67D8987C02CAA485453ED3A882BE25847FDACDC874446C88208EFAB7B19B8EDF650AD31CEC576A4F0425A75E9CCCFD12D3FE3F3CF120FDB32A2085380655ED356128C3976603EE8A718C7FC65F04B010332CFB857B16AE19F153C7F12FDD93D96A76D55C97CE88D563193CBA24481C8EA9EF562EDB5ED2059B83D72231A60ABE0ABE29BE797A94A15FA912863E8E0C7EB08AABCB5C373ACC01CAE981376EC54AFE1699FA6AF34940FEEAAF62AEA4096B9E44B604C5BE5B83B268BDCD4CFC4DB5545B904E2C215F66FBD633565ACE0D903266D1BFD40276C680692976B7
20200120025153 2 6 100 2047 5 E5945320A18AA7DCB66DE82722ABFCF5B641D036393E6E1A40ED06B0EC69D882E039CA67D8987C02CAA485453ED3A882BE25847FDACDC874446C88208EFAB7B19B8EDF650AD31CEC576A4F0425A75E9CCCFD12D3FE3F3CF120FDB32A2085380655ED356128C3976603EE8A718C7FC65F04B010332CFB857B16AE19F153C7F12FDD93D96A76D55C97CE88D563193CBA24481C8EA9EF562EDB5ED2059B83D72231A60ABE0ABE29BE797A94A15FA912863E8E0C7EB08AABCB5C373ACC01CAE981376EC54AFE1699FA6AF34940FEEAAF62AEA4096B9E44B604C5BE5B83B268BDCD4CFC4DB5545B904E2C215F66FBD633565ACE0D903266D1BFD40276C680692A60FF
20200120025202 2 6 100 2047 2 E5945320A18AA7DCB66DE82722ABFCF5B641D036393E6E1A40ED06B0EC69D882E039CA67D8987C02CAA485453ED3A882BE25847FDACDC874446C88208EFAB7B19B8EDF650AD31CEC576A4F0425A75E9CCCFD12D3FE3F3CF120FDB32A2085380655ED356128C3976603EE8A718C7FC65F04B010332CFB857B16AE19F153C7F12FDD93D96A76D55C97CE88D563193CBA24481C8EA9EF562EDB5ED2059B83D72231A60ABE0ABE29BE797A94A15FA912863E8E0C7EB08AABCB5C373ACC01CAE981376EC54AFE1699FA6AF34940FEEAAF62AEA4096B9E44B604C5BE5B83B268BDCD4CFC4DB5545B904E2C215F66FBD633565ACE0D903266D1BFD40276C68069B8306B
20200120025211 2 6 100 2047 2 E5945320A18AA7DCB66DE82722ABFCF5B641D036393E6E1A40ED06B0EC69D882E039CA67D8987C02CAA485453ED3A882BE25847FDACDC874446C88208EFAB7B19B8EDF650AD31CEC576A4F0425A75E9CCCFD12D3FE3F3CF120FDB32A2085380655ED356128C3976603EE8A718C7FC65F04B010332CFB857B16AE19F153C7F12FDD93D96A76D55C97CE88D563193CBA24481C8EA9EF562EDB5ED2059B83D72231A60ABE0ABE29BE797A94A15FA912863E8E0C7EB08AABCB5C373ACC01CAE981376EC54AFE1699FA6AF34940FEEAAF62AEA4096B9E44B604C5BE5B83B268BDCD4CFC4DB5545B904E2C215F66FBD633565ACE0D903266D1BFD40276C6806A2D2C63
20200120025214 2 6 100 2047 2 E5945320A18AA7DCB66DE82722ABFCF5B641D036393E6E1A40ED06B0EC69D882E039CA67D8987C02CAA485453ED3A882BE25847FDACDC874446C88208EFAB7B19B8EDF650AD31CEC576A4F0425A75E9CCCFD12D3FE3F3CF120FDB32A2085380655ED356128C3976603EE8A718C7FC65F04B010332CFB857B16AE19F153C7F12FDD93D96A76D55C97CE88D563193CBA24481C8EA9EF562EDB5ED2059B83D72231A60ABE0ABE29BE797A94A15FA912863E8E0C7EB08AABCB5C373ACC01CAE981376EC54AFE1699FA6AF34940FEEAAF62AEA4096B9E44B604C5BE5B83B268BDCD4CFC4DB5545B904E2C215F66FBD633565ACE0D903266D1BFD40276C6806A444CB3
20200120025216 2 6 100 2047 2 E5945320A18AA7DCB66DE82722ABFCF5B641D036393E6E1A40ED06B0EC69D882E039CA67D8987C02CAA485453ED3A882BE25847FDACDC874446C88208EFAB7B19B8EDF650AD31CEC576A4F0425A75E9CCCFD12D3FE3F3CF120FDB32A2085380655ED356128C3976603EE8A718C7FC65F04B010332CFB857B16AE19F153C7F12FDD93D96A76D55C97CE88D563193CBA24481C8EA9EF562EDB5ED2059B83D72231A60ABE0ABE29BE797A94A15FA912863E8E0C7EB08AABCB5C373ACC01CAE981376EC54AFE1699FA6AF34940FEEAAF62AEA4096B9E44B604C5BE5B83B268BDCD4CFC4DB5545B904E2C215F66FBD633565ACE0D903266D1BFD40276C6806A573B93
20200120025218 2 6 100 2047 2 E5945320A18AA7DCB66DE82722ABFCF5B641D036393E6E1A40ED06B0EC69D882E039CA67D8987C02CAA485453ED3A882BE25847FDACDC874446C88208EFAB7B19B8EDF650AD31CEC576A4F0425A75E9CCCFD12D3FE3F3CF120FDB32A2085380655ED356128C3976603EE8A718C7FC65F04B010332CFB857B16AE19F153C7F12FDD93D96A76D55C97CE88D563193CBA24481C8EA9EF562EDB5ED2059B83D72231A60ABE0ABE29BE797A94A15FA912863E8E0C7EB08AABCB5C373ACC01CAE981376EC54AFE1699FA6AF34940FEEAAF62AEA4096B9E44B604C5BE5B83B268BDCD4CFC4DB5545B904E2C215F66FBD633565ACE0D903266D1BFD40276C6806A650C4B
20200120025230 2 6 100 2047 5 E5945320A18AA7DCB66DE82722ABFCF5B641D036393E6E1A40ED06B0EC69D882E039CA67D8987C02CAA485453ED3A882BE25847FDACDC874446C88208EFAB7B19B8EDF650AD31CEC576A4F0425A75E9CCCFD12D3FE3F3CF120FDB32A2085380655ED356128C3976603EE8A718C7FC65F04B010332CFB857B16AE19F153C7F12FDD93D96A76D55C97CE88D563193CBA24481C8EA9EF562EDB5ED2059B83D72231A60ABE0ABE29BE797A94A15FA912863E8E0C7EB08AABCB5C373ACC01CAE981376EC54AFE1699FA6AF34940FEEAAF62AEA4096B9E44B604C5BE5B83B268BDCD4CFC4DB5545B904E2C215F66FBD633565ACE0D903266D1BFD40276C6806AF37AE7
20200120025239 2 6 100 2047 2 E5945320A18AA7DCB66DE82722ABFCF5B641D036393E6E1A40ED06B0EC69D882E039CA67D8987C02CAA485453ED3A882BE25847FDACDC874446C88208EFAB7B19B8EDF650AD31CEC576A4F0425A75E9CCCFD12D3FE3F3CF120FDB32A2085380655ED356128C3976603EE8A718C7FC65F04B010332CFB857B16AE19F153C7F12FDD93D96A76D55C97CE88D563193CBA24481C8EA9EF562EDB5ED2059B83D72231A60ABE0ABE29BE797A94A15FA912863E8E0C7EB08AABCB5C373ACC01CAE981376EC54AFE1699FA6AF34940FEEAAF62AEA4096B9E44B604C5BE5B83B268BDCD4CFC4DB5545B904E2C215F66FBD633565ACE0D903266D1BFD40276C6806B4DA35B
20200120025243 2 6 100 2047 2 E5945320A18AA7DCB66DE82722ABFCF5B641D036393E6E1A40ED06B0EC69D882E039CA67D8987C02CAA485453ED3A882BE25847FDACDC874446C88208EFAB7B19B8EDF650AD31CEC576A4F0425A75E9CCCFD12D3FE3F3CF120FDB32A2085380655ED356128C3976603EE8A718C7FC65F04B010332CFB857B16AE19F153C7F12FDD93D96A76D55C97CE88D563193CBA24481C8EA9EF562EDB5ED2059B83D72231A60ABE0ABE29BE797A94A15FA912863E8E0C7EB08AABCB5C373ACC01CAE981376EC54AFE1699FA6AF34940FEEAAF62AEA4096B9E44B604C5BE5B83B268BDCD4CFC4DB5545B904E2C215F66FBD633565ACE0D903266D1BFD40276C6806B69EFFB
20200120025251 2 6 100 2047 2 E5945320A18AA7DCB66DE82722ABFCF5B641D036393E6E1A40ED06B0EC69D882E039CA67D8987C02CAA485453ED3A882BE25847FDACDC874446C88208EFAB7B19B8EDF650AD31CEC576A4F0425A75E9CCCFD12D3FE3F3CF120FDB32A2085380655ED356128C3976603EE8A718C7FC65F04B010332CFB857B16AE19F153C7F12FDD93D96A76D55C97CE88D563193CBA24481C8EA9EF562EDB5ED2059B83D72231A60ABE0ABE29BE797A94A15FA912863E8E0C7EB08AABCB5C373ACC01CAE981376EC54AFE1699FA6AF34940FEEAAF62AEA4096B9E44B604C5BE5B83B268BDCD4CFC4DB5545B904E2C215F66FBD633565ACE0D903266D1BFD40276C6806BBFC15B
